m ----
1.000000, 0.000000, 0.000000
0.000000, 1.000000, 0.000000
0.000000, 0.000000, 1.000000
------
m ----
0.766045, 0.413176, 0.492404
0.000000, 0.766045, -0.642788
-0.642788, 0.492404, 0.586824
------
direction, v = -0.642788, 0.492404, 0.586824
m ----
0.766941, 0.412488, 0.491584
0.000000, 0.766045, -0.642788
-0.641717, 0.492980, 0.587511
------
direction, v = -0.641717, 0.492980, 0.587511
m ----
0.767837, 0.411799, 0.490763
0.000000, 0.766045, -0.642788
-0.640646, 0.493556, 0.588197
------
direction, v = -0.640646, 0.493556, 0.588197
m ----
0.768730, 0.411110, 0.489941
0.000000, 0.766045, -0.642788
-0.639573, 0.494130, 0.588882
------
direction, v = -0.639573, 0.494130, 0.588882
m ----
0.769623, 0.410419, 0.489119
0.000000, 0.766045, -0.642788
-0.638499, 0.494704, 0.589565
------
direction, v = -0.638499, 0.494704, 0.589565
m ----
0.770513, 0.409728, 0.488295
0.000000, 0.766045, -0.642788
-0.637424, 0.495276, 0.590248
------
direction, v = -0.637424, 0.495276, 0.590248
m ----
0.771403, 0.409036, 0.487471
0.000000, 0.766045, -0.642788
-0.636347, 0.495848, 0.590929
------
direction, v = -0.636347, 0.495848, 0.590929
m ----
0.772290, 0.408343, 0.486645
0.000000, 0.766045, -0.642788
-0.635270, 0.496419, 0.591609
------
direction, v = -0.635270, 0.496419, 0.591609
m ----
0.773177, 0.407650, 0.485818
0.000000, 0.766045, -0.642788
-0.634191, 0.496988, 0.592288
------
direction, v = -0.634191, 0.496988, 0.592288
m ----
0.774061, 0.406956, 0.484991
0.000000, 0.766045, -0.642788
-0.633111, 0.497557, 0.592965
------
direction, v = -0.633111, 0.497557, 0.592965
m ----
0.774945, 0.406260, 0.484163
0.000000, 0.766045, -0.642788
-0.632029, 0.498125, 0.593642
------
direction, v = -0.632029, 0.498125, 0.593642
m ----
0.775826, 0.405565, 0.483333
0.000000, 0.766045, -0.642788
-0.630947, 0.498691, 0.594317
------
direction, v = -0.630947, 0.498691, 0.594317
m ----
0.776707, 0.404868, 0.482503
0.000000, 0.766045, -0.642788
-0.629863, 0.499257, 0.594992
------
direction, v = -0.629863, 0.499257, 0.594992
m ----
0.777585, 0.404170, 0.481672
0.000000, 0.766045, -0.642788
-0.628778, 0.499822, 0.595665
------
direction, v = -0.628778, 0.499822, 0.595665
m ----
0.778462, 0.403472, 0.480839
0.000000, 0.766045, -0.642788
-0.627691, 0.500386, 0.596337
------
direction, v = -0.627691, 0.500386, 0.596337
m ----
0.779338, 0.402773, 0.480006
0.000000, 0.766045, -0.642788
-0.626604, 0.500949, 0.597008
------
direction, v = -0.626604, 0.500949, 0.597008
m ----
0.780212, 0.402073, 0.479172
0.000000, 0.766045, -0.642788
-0.625515, 0.501511, 0.597677
------
direction, v = -0.625515, 0.501511, 0.597677
m ----
0.781085, 0.401373, 0.478337
0.000000, 0.766045, -0.642788
-0.624425, 0.502072, 0.598346
------
direction, v = -0.624425, 0.502072, 0.598346
m ----
0.781956, 0.400671, 0.477501
0.000000, 0.766045, -0.642788
-0.623334, 0.502632, 0.599013
------
direction, v = -0.623334, 0.502632, 0.599013
m ----
0.782825, 0.399969, 0.476665
0.000000, 0.766045, -0.642788
-0.622241, 0.503190, 0.599679
------
direction, v = -0.622241, 0.503190, 0.599679
m ----
0.783694, 0.399266, 0.475827
0.000000, 0.766045, -0.642788
-0.621148, 0.503748, 0.600344
------
direction, v = -0.621148, 0.503748, 0.600344
m ----
0.784560, 0.398562, 0.474988
0.000000, 0.766045, -0.642788
-0.620053, 0.504305, 0.601008
------
direction, v = -0.620053, 0.504305, 0.601008
m ----
0.785425, 0.397858, 0.474148
0.000000, 0.766045, -0.642788
-0.618957, 0.504861, 0.601671
------
direction, v = -0.618957, 0.504861, 0.601671
m ----
0.786288, 0.397152, 0.473308
0.000000, 0.766045, -0.642788
-0.617860, 0.505416, 0.602332
------
direction, v = -0.617860, 0.505416, 0.602332
m ----
0.787150, 0.396446, 0.472466
0.000000, 0.766045, -0.642788
-0.616761, 0.505970, 0.602992
------
direction, v = -0.616761, 0.505970, 0.602992
m ----
0.788011, 0.395739, 0.471624
0.000000, 0.766045, -0.642788
-0.615661, 0.506524, 0.603651
------
direction, v = -0.615661, 0.506524, 0.603651
m ----
0.788870, 0.395032, 0.470781
0.000000, 0.766045, -0.642788
-0.614560, 0.507076, 0.604309
------
direction, v = -0.614560, 0.507076, 0.604309
m ----
0.789727, 0.394323, 0.469936
0.000000, 0.766045, -0.642788
-0.613458, 0.507627, 0.604966
------
direction, v = -0.613458, 0.507627, 0.604966
m ----
0.790583, 0.393614, 0.469091
0.000000, 0.766045, -0.642788
-0.612355, 0.508177, 0.605622
------
direction, v = -0.612355, 0.508177, 0.605622
m ----
0.791437, 0.392904, 0.468245
0.000000, 0.766045, -0.642788
-0.611251, 0.508726, 0.606276
------
direction, v = -0.611251, 0.508726, 0.606276
m ----
0.792290, 0.392194, 0.467398
0.000000, 0.766045, -0.642788
-0.610145, 0.509274, 0.606929
------
direction, v = -0.610145, 0.509274, 0.606929
m ----
0.793141, 0.391482, 0.466550
0.000000, 0.766045, -0.642788
-0.609038, 0.509821, 0.607581
------
direction, v = -0.609038, 0.509821, 0.607581
m ----
0.793990, 0.390770, 0.465702
0.000000, 0.766045, -0.642788
-0.607930, 0.510367, 0.608232
------
direction, v = -0.607930, 0.510367, 0.608232
m ----
0.794838, 0.390057, 0.464852
0.000000, 0.766045, -0.642788
-0.606821, 0.510912, 0.608882
------
direction, v = -0.606821, 0.510912, 0.608882
m ----
0.795685, 0.389343, 0.464001
0.000000, 0.766045, -0.642788
-0.605711, 0.511456, 0.609530
------
direction, v = -0.605711, 0.511456, 0.609530
m ----
0.796530, 0.388629, 0.463150
0.000000, 0.766045, -0.642788
-0.604599, 0.512000, 0.610177
------
direction, v = -0.604599, 0.512000, 0.610177
m ----
0.797373, 0.387913, 0.462297
0.000000, 0.766045, -0.642788
-0.603486, 0.512542, 0.610824
------
direction, v = -0.603486, 0.512542, 0.610824
m ----
0.798215, 0.387197, 0.461444
0.000000, 0.766045, -0.642788
-0.602372, 0.513083, 0.611468
------
direction, v = -0.602372, 0.513083, 0.611468
m ----
0.799056, 0.386481, 0.460590
0.000000, 0.766045, -0.642788
-0.601257, 0.513623, 0.612112
------
direction, v = -0.601257, 0.513623, 0.612112
m ----
0.799894, 0.385763, 0.459735
0.000000, 0.766045, -0.642788
-0.600141, 0.514162, 0.612755
------
direction, v = -0.600141, 0.514162, 0.612755
m ----
0.800731, 0.385045, 0.458879
0.000000, 0.766045, -0.642788
-0.599023, 0.514700, 0.613396
------
direction, v = -0.599023, 0.514700, 0.613396
m ----
0.801567, 0.384326, 0.458022
0.000000, 0.766045, -0.642788
-0.597905, 0.515237, 0.614036
------
direction, v = -0.597905, 0.515237, 0.614036
m ----
0.802401, 0.383606, 0.457164
0.000000, 0.766045, -0.642788
-0.596785, 0.515773, 0.614675
------
direction, v = -0.596785, 0.515773, 0.614675
m ----
0.803234, 0.382885, 0.456305
0.000000, 0.766045, -0.642788
-0.595664, 0.516309, 0.615313
------
direction, v = -0.595664, 0.516309, 0.615313
m ----
0.804065, 0.382164, 0.455446
0.000000, 0.766045, -0.642788
-0.594542, 0.516843, 0.615949
------
direction, v = -0.594542, 0.516843, 0.615949
m ----
0.804894, 0.381442, 0.454585
0.000000, 0.766045, -0.642788
-0.593419, 0.517376, 0.616585
------
direction, v = -0.593419, 0.517376, 0.616585
m ----
0.805722, 0.380719, 0.453724
0.000000, 0.766045, -0.642788
-0.592294, 0.517908, 0.617219
------
direction, v = -0.592294, 0.517908, 0.617219
m ----
0.806548, 0.379996, 0.452862
0.000000, 0.766045, -0.642788
-0.591169, 0.518439, 0.617852
------
direction, v = -0.591169, 0.518439, 0.617852
m ----
0.807373, 0.379272, 0.451999
0.000000, 0.766045, -0.642788
-0.590042, 0.518969, 0.618483
------
direction, v = -0.590042, 0.518969, 0.618483
m ----
0.808196, 0.378547, 0.451134
0.000000, 0.766045, -0.642788
-0.588914, 0.519498, 0.619114
------
direction, v = -0.588914, 0.519498, 0.619114
m ----
0.809017, 0.377821, 0.450270
0.000000, 0.766045, -0.642788
-0.587785, 0.520026, 0.619743
------
direction, v = -0.587785, 0.520026, 0.619743
m ----
0.809837, 0.377094, 0.449404
0.000000, 0.766045, -0.642788
-0.586655, 0.520553, 0.620371
------
direction, v = -0.586655, 0.520553, 0.620371
m ----
0.810655, 0.376367, 0.448537
0.000000, 0.766045, -0.642788
-0.585524, 0.521079, 0.620998
------
direction, v = -0.585524, 0.521079, 0.620998
m ----
0.811472, 0.375639, 0.447670
0.000000, 0.766045, -0.642788
-0.584391, 0.521604, 0.621624
------
direction, v = -0.584391, 0.521604, 0.621624
m ----
0.812287, 0.374911, 0.446801
0.000000, 0.766045, -0.642788
-0.583258, 0.522128, 0.622248
------
direction, v = -0.583258, 0.522128, 0.622248
m ----
0.813101, 0.374181, 0.445932
0.000000, 0.766045, -0.642788
-0.582123, 0.522651, 0.622872
------
direction, v = -0.582123, 0.522651, 0.622872
m ----
0.813913, 0.373451, 0.445062
0.000000, 0.766045, -0.642788
-0.580987, 0.523173, 0.623494
------
direction, v = -0.580987, 0.523173, 0.623494
m ----
0.814723, 0.372720, 0.444191
0.000000, 0.766045, -0.642788
-0.579850, 0.523694, 0.624114
------
direction, v = -0.579850, 0.523694, 0.624114
m ----
0.815532, 0.371989, 0.443319
0.000000, 0.766045, -0.642788
-0.578712, 0.524214, 0.624734
------
direction, v = -0.578712, 0.524214, 0.624734
m ----
0.816339, 0.371256, 0.442446
0.000000, 0.766045, -0.642788
-0.577573, 0.524733, 0.625352
------
direction, v = -0.577573, 0.524733, 0.625352
m ----
0.817145, 0.370523, 0.441573
0.000000, 0.766045, -0.642788
-0.576432, 0.525251, 0.625969
------
direction, v = -0.576432, 0.525251, 0.625969
m ----
0.817949, 0.369790, 0.440698
0.000000, 0.766045, -0.642788
-0.575291, 0.525767, 0.626585
------
direction, v = -0.575291, 0.525767, 0.626585
m ----
0.818751, 0.369055, 0.439823
0.000000, 0.766045, -0.642788
-0.574148, 0.526283, 0.627200
------
direction, v = -0.574148, 0.526283, 0.627200
m ----
0.819552, 0.368320, 0.438947
0.000000, 0.766045, -0.642788
-0.573004, 0.526798, 0.627814
------
direction, v = -0.573004, 0.526798, 0.627814
m ----
0.820352, 0.367584, 0.438070
0.000000, 0.766045, -0.642788
-0.571859, 0.527312, 0.628426
------
direction, v = -0.571859, 0.527312, 0.628426
m ----
0.821149, 0.366848, 0.437192
0.000000, 0.766045, -0.642788
-0.570714, 0.527825, 0.629037
------
direction, v = -0.570714, 0.527825, 0.629037
m ----
0.821945, 0.366110, 0.436313
0.000000, 0.766045, -0.642788
-0.569566, 0.528336, 0.629647
------
direction, v = -0.569566, 0.528336, 0.629647
m ----
0.822740, 0.365372, 0.435434
0.000000, 0.766045, -0.642788
-0.568418, 0.528847, 0.630255
------
direction, v = -0.568418, 0.528847, 0.630255
m ----
0.823533, 0.364633, 0.434553
0.000000, 0.766045, -0.642788
-0.567269, 0.529357, 0.630863
------
direction, v = -0.567269, 0.529357, 0.630863
m ----
0.824324, 0.363894, 0.433672
0.000000, 0.766045, -0.642788
-0.566118, 0.529865, 0.631469
------
direction, v = -0.566118, 0.529865, 0.631469
m ----
0.825114, 0.363154, 0.432790
0.000000, 0.766045, -0.642788
-0.564967, 0.530373, 0.632074
------
direction, v = -0.564967, 0.530373, 0.632074
m ----
0.825902, 0.362413, 0.431907
0.000000, 0.766045, -0.642788
-0.563814, 0.530879, 0.632677
------
direction, v = -0.563814, 0.530879, 0.632677
m ----
0.826688, 0.361671, 0.431023
0.000000, 0.766045, -0.642788
-0.562661, 0.531385, 0.633280
------
direction, v = -0.562661, 0.531385, 0.633280
m ----
0.827473, 0.360929, 0.430138
0.000000, 0.766045, -0.642788
-0.561506, 0.531889, 0.633881
------
direction, v = -0.561506, 0.531889, 0.633881
m ----
0.828256, 0.360186, 0.429253
0.000000, 0.766045, -0.642788
-0.560350, 0.532393, 0.634481
------
direction, v = -0.560350, 0.532393, 0.634481
m ----
0.829038, 0.359442, 0.428367
0.000000, 0.766045, -0.642788
-0.559193, 0.532895, 0.635080
------
direction, v = -0.559193, 0.532895, 0.635080
m ----
0.829818, 0.358698, 0.427479
0.000000, 0.766045, -0.642788
-0.558035, 0.533396, 0.635677
------
direction, v = -0.558035, 0.533396, 0.635677
m ----
0.830596, 0.357953, 0.426591
0.000000, 0.766045, -0.642788
-0.556875, 0.533897, 0.636274
------
direction, v = -0.556875, 0.533897, 0.636274
m ----
0.831373, 0.357207, 0.425703
0.000000, 0.766045, -0.642788
-0.555715, 0.534396, 0.636869
------
direction, v = -0.555715, 0.534396, 0.636869
m ----
0.832148, 0.356460, 0.424813
0.000000, 0.766045, -0.642788
-0.554554, 0.534894, 0.637462
------
direction, v = -0.554554, 0.534894, 0.637462
m ----
0.832921, 0.355713, 0.423923
0.000000, 0.766045, -0.642788
-0.553391, 0.535391, 0.638055
------
direction, v = -0.553391, 0.535391, 0.638055
m ----
0.833693, 0.354965, 0.423031
0.000000, 0.766045, -0.642788
-0.552228, 0.535888, 0.638646
------
direction, v = -0.552228, 0.535888, 0.638646
m ----
0.834463, 0.354217, 0.422139
0.000000, 0.766045, -0.642788
-0.551063, 0.536383, 0.639236
------
direction, v = -0.551063, 0.536383, 0.639236
m ----
0.835232, 0.353467, 0.421246
0.000000, 0.766045, -0.642788
-0.549898, 0.536877, 0.639825
------
direction, v = -0.549898, 0.536877, 0.639825
m ----
0.835999, 0.352717, 0.420352
0.000000, 0.766045, -0.642788
-0.548731, 0.537370, 0.640413
------
direction, v = -0.548731, 0.537370, 0.640413
m ----
0.836764, 0.351967, 0.419458
0.000000, 0.766045, -0.642788
-0.547563, 0.537862, 0.640999
------
direction, v = -0.547563, 0.537862, 0.640999
m ----
0.837528, 0.351215, 0.418562
0.000000, 0.766045, -0.642788
-0.546394, 0.538353, 0.641584
------
direction, v = -0.546394, 0.538353, 0.641584
m ----
0.838290, 0.350463, 0.417666
0.000000, 0.766045, -0.642788
-0.545224, 0.538842, 0.642168
------
direction, v = -0.545224, 0.538842, 0.642168
m ----
0.839051, 0.349711, 0.416769
0.000000, 0.766045, -0.642788
-0.544053, 0.539331, 0.642750
------
direction, v = -0.544053, 0.539331, 0.642750
m ----
0.839809, 0.348957, 0.415871
0.000000, 0.766045, -0.642788
-0.542881, 0.539819, 0.643331
------
direction, v = -0.542881, 0.539819, 0.643331
m ----
0.840567, 0.348203, 0.414973
0.000000, 0.766045, -0.642788
-0.541708, 0.540306, 0.643912
------
direction, v = -0.541708, 0.540306, 0.643912
m ----
0.841322, 0.347448, 0.414073
0.000000, 0.766045, -0.642788
-0.540534, 0.540791, 0.644490
------
direction, v = -0.540534, 0.540791, 0.644490
m ----
0.842076, 0.346693, 0.413173
0.000000, 0.766045, -0.642788
-0.539359, 0.541276, 0.645068
------
direction, v = -0.539359, 0.541276, 0.645068
m ----
0.842828, 0.345937, 0.412272
0.000000, 0.766045, -0.642788
-0.538182, 0.541760, 0.645644
------
direction, v = -0.538182, 0.541760, 0.645644
m ----
0.843579, 0.345180, 0.411370
0.000000, 0.766045, -0.642788
-0.537005, 0.542242, 0.646219
------
direction, v = -0.537005, 0.542242, 0.646219
m ----
0.844328, 0.344423, 0.410467
0.000000, 0.766045, -0.642788
-0.535827, 0.542724, 0.646793
------
direction, v = -0.535827, 0.542724, 0.646793
m ----
0.845075, 0.343665, 0.409564
0.000000, 0.766045, -0.642788
-0.534647, 0.543204, 0.647365
------
direction, v = -0.534647, 0.543204, 0.647365
m ----
0.845821, 0.342906, 0.408659
0.000000, 0.766045, -0.642788
-0.533467, 0.543683, 0.647937
------
direction, v = -0.533467, 0.543683, 0.647937
m ----
0.846565, 0.342146, 0.407754
0.000000, 0.766045, -0.642788
-0.532285, 0.544161, 0.648507
------
direction, v = -0.532285, 0.544161, 0.648507
m ----
0.847307, 0.341386, 0.406848
0.000000, 0.766045, -0.642788
-0.531103, 0.544639, 0.649075
------
direction, v = -0.531103, 0.544639, 0.649075
m ----
0.848048, 0.340625, 0.405942
0.000000, 0.766045, -0.642788
-0.529919, 0.545115, 0.649643
------
direction, v = -0.529919, 0.545115, 0.649643
m ----
0.848787, 0.339864, 0.405034
0.000000, 0.766045, -0.642788
-0.528735, 0.545590, 0.650209
------
direction, v = -0.528735, 0.545590, 0.650209
m ----
0.849525, 0.339102, 0.404126
0.000000, 0.766045, -0.642788
-0.527549, 0.546064, 0.650774
------
direction, v = -0.527549, 0.546064, 0.650774
m ----
0.850260, 0.338339, 0.403217
0.000000, 0.766045, -0.642788
-0.526362, 0.546537, 0.651337
------
direction, v = -0.526362, 0.546537, 0.651337
m ----
0.850995, 0.337576, 0.402307
0.000000, 0.766045, -0.642788
-0.525175, 0.547009, 0.651900
------
direction, v = -0.525175, 0.547009, 0.651900
m ----
0.851727, 0.336812, 0.401396
0.000000, 0.766045, -0.642788
-0.523986, 0.547480, 0.652461
------
direction, v = -0.523986, 0.547480, 0.652461
m ----
0.852458, 0.336047, 0.400485
0.000000, 0.766045, -0.642788
-0.522796, 0.547949, 0.653021
------
direction, v = -0.522796, 0.547949, 0.653021
m ----
0.853187, 0.335281, 0.399573
0.000000, 0.766045, -0.642788
-0.521605, 0.548418, 0.653579
------
direction, v = -0.521605, 0.548418, 0.653579
m ----
0.853914, 0.334515, 0.398660
0.000000, 0.766045, -0.642788
-0.520414, 0.548886, 0.654136
------
direction, v = -0.520414, 0.548886, 0.654136
m ----
0.854640, 0.333749, 0.397746
0.000000, 0.766045, -0.642788
-0.519221, 0.549352, 0.654692
------
direction, v = -0.519221, 0.549352, 0.654692
m ----
0.855364, 0.332981, 0.396832
0.000000, 0.766045, -0.642788
-0.518027, 0.549818, 0.655247
------
direction, v = -0.518027, 0.549818, 0.655247
m ----
0.856087, 0.332213, 0.395916
0.000000, 0.766045, -0.642788
-0.516832, 0.550282, 0.655801
------
direction, v = -0.516832, 0.550282, 0.655801
m ----
0.856808, 0.331445, 0.395000
0.000000, 0.766045, -0.642788
-0.515636, 0.550745, 0.656353
------
direction, v = -0.515636, 0.550745, 0.656353
m ----
0.857527, 0.330675, 0.394084
0.000000, 0.766045, -0.642788
-0.514439, 0.551207, 0.656904
------
direction, v = -0.514439, 0.551207, 0.656904
m ----
0.858244, 0.329905, 0.393166
0.000000, 0.766045, -0.642788
-0.513242, 0.551669, 0.657453
------
direction, v = -0.513242, 0.551669, 0.657453
m ----
0.858960, 0.329135, 0.392248
0.000000, 0.766045, -0.642788
-0.512043, 0.552129, 0.658002
------
direction, v = -0.512043, 0.552129, 0.658002
m ----
0.859674, 0.328363, 0.391328
0.000000, 0.766045, -0.642788
-0.510843, 0.552588, 0.658549
------
direction, v = -0.510843, 0.552588, 0.658549
m ----
0.860386, 0.327592, 0.390409
0.000000, 0.766045, -0.642788
-0.509642, 0.553046, 0.659094
------
direction, v = -0.509642, 0.553046, 0.659094
m ----
0.861097, 0.326819, 0.389488
0.000000, 0.766045, -0.642788
-0.508440, 0.553503, 0.659639
------
direction, v = -0.508440, 0.553503, 0.659639
m ----
0.861806, 0.326046, 0.388566
0.000000, 0.766045, -0.642788
-0.507237, 0.553958, 0.660182
------
direction, v = -0.507237, 0.553958, 0.660182
m ----
0.862514, 0.325272, 0.387644
0.000000, 0.766045, -0.642788
-0.506034, 0.554413, 0.660724
------
direction, v = -0.506034, 0.554413, 0.660724
m ----
0.863219, 0.324498, 0.386721
0.000000, 0.766045, -0.642788
-0.504829, 0.554867, 0.661265
------
direction, v = -0.504829, 0.554867, 0.661265
m ----
0.863923, 0.323723, 0.385798
0.000000, 0.766045, -0.642788
-0.503623, 0.555319, 0.661804
------
direction, v = -0.503623, 0.555319, 0.661804
m ----
0.864626, 0.322947, 0.384873
0.000000, 0.766045, -0.642788
-0.502416, 0.555771, 0.662342
------
direction, v = -0.502416, 0.555771, 0.662342
m ----
0.865326, 0.322171, 0.383948
0.000000, 0.766045, -0.642788
-0.501209, 0.556221, 0.662879
------
direction, v = -0.501209, 0.556221, 0.662879
m ----
0.866025, 0.321394, 0.383022
0.000000, 0.766045, -0.642788
-0.500000, 0.556670, 0.663414
------
direction, v = -0.500000, 0.556670, 0.663414
m ----
0.866723, 0.320616, 0.382096
0.000000, 0.766045, -0.642788
-0.498790, 0.557119, 0.663948
------
direction, v = -0.498790, 0.557119, 0.663948
m ----
0.867418, 0.319838, 0.381168
0.000000, 0.766045, -0.642788
-0.497580, 0.557566, 0.664481
------
direction, v = -0.497580, 0.557566, 0.664481
m ----
0.868112, 0.319059, 0.380240
0.000000, 0.766045, -0.642788
-0.496368, 0.558012, 0.665013
------
direction, v = -0.496368, 0.558012, 0.665013
m ----
0.868804, 0.318280, 0.379311
0.000000, 0.766045, -0.642788
-0.495155, 0.558457, 0.665543
------
direction, v = -0.495155, 0.558457, 0.665543
m ----
0.869495, 0.317500, 0.378381
0.000000, 0.766045, -0.642788
-0.493942, 0.558901, 0.666072
------
direction, v = -0.493942, 0.558901, 0.666072
m ----
0.870184, 0.316719, 0.377451
0.000000, 0.766045, -0.642788
-0.492727, 0.559343, 0.666600
------
direction, v = -0.492727, 0.559343, 0.666600
m ----
0.870871, 0.315938, 0.376520
0.000000, 0.766045, -0.642788
-0.491512, 0.559785, 0.667126
------
direction, v = -0.491512, 0.559785, 0.667126
m ----
0.871556, 0.315156, 0.375588
0.000000, 0.766045, -0.642788
-0.490295, 0.560226, 0.667651
------
direction, v = -0.490295, 0.560226, 0.667651
m ----
0.872240, 0.314373, 0.374655
0.000000, 0.766045, -0.642788
-0.489078, 0.560665, 0.668175
------
direction, v = -0.489078, 0.560665, 0.668175
m ----
0.872922, 0.313590, 0.373722
0.000000, 0.766045, -0.642788
-0.487860, 0.561103, 0.668697
------
direction, v = -0.487860, 0.561103, 0.668697
m ----
0.873602, 0.312806, 0.372788
0.000000, 0.766045, -0.642788
-0.486640, 0.561541, 0.669218
------
direction, v = -0.486640, 0.561541, 0.669218
m ----
0.874281, 0.312022, 0.371853
0.000000, 0.766045, -0.642788
-0.485420, 0.561977, 0.669738
------
direction, v = -0.485420, 0.561977, 0.669738
m ----
0.874958, 0.311237, 0.370918
0.000000, 0.766045, -0.642788
-0.484199, 0.562412, 0.670257
------
direction, v = -0.484199, 0.562412, 0.670257
m ----
0.875633, 0.310451, 0.369982
0.000000, 0.766045, -0.642788
-0.482977, 0.562846, 0.670774
------
direction, v = -0.482977, 0.562846, 0.670774
m ----
0.876307, 0.309665, 0.369045
0.000000, 0.766045, -0.642788
-0.481754, 0.563279, 0.671290
------
direction, v = -0.481754, 0.563279, 0.671290
m ----
0.876979, 0.308878, 0.368107
0.000000, 0.766045, -0.642788
-0.480530, 0.563711, 0.671805
------
direction, v = -0.480530, 0.563711, 0.671805
m ----
0.877649, 0.308091, 0.367169
0.000000, 0.766045, -0.642788
-0.479305, 0.564142, 0.672318
------
direction, v = -0.479305, 0.564142, 0.672318
m ----
0.878317, 0.307303, 0.366230
0.000000, 0.766045, -0.642788
-0.478079, 0.564571, 0.672830
------
direction, v = -0.478079, 0.564571, 0.672830
m ----
0.878984, 0.306514, 0.365290
0.000000, 0.766045, -0.642788
-0.476852, 0.565000, 0.673341
------
direction, v = -0.476852, 0.565000, 0.673341
m ----
0.879649, 0.305725, 0.364349
0.000000, 0.766045, -0.642788
-0.475624, 0.565427, 0.673850
------
direction, v = -0.475624, 0.565427, 0.673850
m ----
0.880312, 0.304935, 0.363408
0.000000, 0.766045, -0.642788
-0.474395, 0.565853, 0.674358
------
direction, v = -0.474395, 0.565853, 0.674358
m ----
0.880973, 0.304145, 0.362466
0.000000, 0.766045, -0.642788
-0.473166, 0.566279, 0.674865
------
direction, v = -0.473166, 0.566279, 0.674865
m ----
0.881633, 0.303354, 0.361523
0.000000, 0.766045, -0.642788
-0.471935, 0.566703, 0.675370
------
direction, v = -0.471935, 0.566703, 0.675370
m ----
0.882291, 0.302563, 0.360580
0.000000, 0.766045, -0.642788
-0.470704, 0.567126, 0.675874
------
direction, v = -0.470704, 0.567126, 0.675874
m ----
0.882948, 0.301770, 0.359636
0.000000, 0.766045, -0.642788
-0.469471, 0.567548, 0.676377
------
direction, v = -0.469471, 0.567548, 0.676377
m ----
0.883602, 0.300978, 0.358691
0.000000, 0.766045, -0.642788
-0.468238, 0.567969, 0.676879
------
direction, v = -0.468238, 0.567969, 0.676879
m ----
0.884255, 0.300184, 0.357746
0.000000, 0.766045, -0.642788
-0.467004, 0.568388, 0.677379
------
direction, v = -0.467004, 0.568388, 0.677379
m ----
0.884906, 0.299390, 0.356800
0.000000, 0.766045, -0.642788
-0.465769, 0.568807, 0.677878
------
direction, v = -0.465769, 0.568807, 0.677878
m ----
0.885556, 0.298596, 0.355853
0.000000, 0.766045, -0.642788
-0.464533, 0.569224, 0.678375
------
direction, v = -0.464533, 0.569224, 0.678375
m ----
0.886204, 0.297801, 0.354905
0.000000, 0.766045, -0.642788
-0.463296, 0.569641, 0.678871
------
direction, v = -0.463296, 0.569641, 0.678871
m ----
0.886850, 0.297005, 0.353957
0.000000, 0.766045, -0.642788
-0.462058, 0.570056, 0.679366
------
direction, v = -0.462058, 0.570056, 0.679366
m ----
0.887494, 0.296209, 0.353008
0.000000, 0.766045, -0.642788
-0.460819, 0.570470, 0.679860
------
direction, v = -0.460819, 0.570470, 0.679860
m ----
0.888137, 0.295412, 0.352059
0.000000, 0.766045, -0.642788
-0.459580, 0.570883, 0.680352
------
direction, v = -0.459580, 0.570883, 0.680352
m ----
0.888777, 0.294615, 0.351108
0.000000, 0.766045, -0.642788
-0.458339, 0.571295, 0.680843
------
direction, v = -0.458339, 0.571295, 0.680843
m ----
0.889416, 0.293817, 0.350157
0.000000, 0.766045, -0.642788
-0.457098, 0.571706, 0.681333
------
direction, v = -0.457098, 0.571706, 0.681333
m ----
0.890054, 0.293018, 0.349206
0.000000, 0.766045, -0.642788
-0.455855, 0.572115, 0.681821
------
direction, v = -0.455855, 0.572115, 0.681821
m ----
0.890689, 0.292219, 0.348253
0.000000, 0.766045, -0.642788
-0.454612, 0.572524, 0.682308
------
direction, v = -0.454612, 0.572524, 0.682308
m ----
0.891323, 0.291419, 0.347300
0.000000, 0.766045, -0.642788
-0.453368, 0.572932, 0.682793
------
direction, v = -0.453368, 0.572932, 0.682793
m ----
0.891955, 0.290619, 0.346347
0.000000, 0.766045, -0.642788
-0.452123, 0.573338, 0.683278
------
direction, v = -0.452123, 0.573338, 0.683278
m ----
0.892586, 0.289818, 0.345392
0.000000, 0.766045, -0.642788
-0.450877, 0.573743, 0.683761
------
direction, v = -0.450877, 0.573743, 0.683761
m ----
0.893215, 0.289017, 0.344437
0.000000, 0.766045, -0.642788
-0.449631, 0.574147, 0.684242
------
direction, v = -0.449631, 0.574147, 0.684242
m ----
0.893842, 0.288215, 0.343481
0.000000, 0.766045, -0.642788
-0.448383, 0.574550, 0.684722
------
direction, v = -0.448383, 0.574550, 0.684722
m ----
0.894467, 0.287413, 0.342525
0.000000, 0.766045, -0.642788
-0.447135, 0.574952, 0.685201
------
direction, v = -0.447135, 0.574952, 0.685201
m ----
0.895090, 0.286609, 0.341568
0.000000, 0.766045, -0.642788
-0.445885, 0.575353, 0.685679
------
direction, v = -0.445885, 0.575353, 0.685679
m ----
0.895712, 0.285806, 0.340610
0.000000, 0.766045, -0.642788
-0.444635, 0.575752, 0.686155
------
direction, v = -0.444635, 0.575752, 0.686155
m ----
0.896332, 0.285002, 0.339652
0.000000, 0.766045, -0.642788
-0.443384, 0.576151, 0.686630
------
direction, v = -0.443384, 0.576151, 0.686630
m ----
0.896950, 0.284197, 0.338693
0.000000, 0.766045, -0.642788
-0.442132, 0.576548, 0.687104
------
direction, v = -0.442132, 0.576548, 0.687104
m ----
0.897566, 0.283392, 0.337733
0.000000, 0.766045, -0.642788
-0.440879, 0.576944, 0.687576
------
direction, v = -0.440879, 0.576944, 0.687576
m ----
0.898181, 0.282586, 0.336773
0.000000, 0.766045, -0.642788
-0.439626, 0.577340, 0.688047
------
direction, v = -0.439626, 0.577340, 0.688047
m ----
0.898794, 0.281779, 0.335812
0.000000, 0.766045, -0.642788
-0.438371, 0.577734, 0.688516
------
direction, v = -0.438371, 0.577734, 0.688516
m ----
0.899405, 0.280972, 0.334850
0.000000, 0.766045, -0.642788
-0.437116, 0.578126, 0.688985
------
direction, v = -0.437116, 0.578126, 0.688985
m ----
0.900015, 0.280165, 0.333888
0.000000, 0.766045, -0.642788
-0.435860, 0.578518, 0.689451
------
direction, v = -0.435860, 0.578518, 0.689451
m ----
0.900622, 0.279357, 0.332925
0.000000, 0.766045, -0.642788
-0.434602, 0.578909, 0.689917
------
direction, v = -0.434602, 0.578909, 0.689917
m ----
0.901228, 0.278548, 0.331961
0.000000, 0.766045, -0.642788
-0.433344, 0.579298, 0.690381
------
direction, v = -0.433344, 0.579298, 0.690381
m ----
0.901833, 0.277739, 0.330997
0.000000, 0.766045, -0.642788
-0.432086, 0.579687, 0.690844
------
direction, v = -0.432086, 0.579687, 0.690844
m ----
0.902435, 0.276930, 0.330032
0.000000, 0.766045, -0.642788
-0.430826, 0.580074, 0.691305
------
direction, v = -0.430826, 0.580074, 0.691305
m ----
0.903036, 0.276119, 0.329066
0.000000, 0.766045, -0.642788
-0.429566, 0.580460, 0.691766
------
direction, v = -0.429566, 0.580460, 0.691766
m ----
0.903635, 0.275309, 0.328100
0.000000, 0.766045, -0.642788
-0.428304, 0.580845, 0.692224
------
direction, v = -0.428304, 0.580845, 0.692224
m ----
0.904232, 0.274497, 0.327133
0.000000, 0.766045, -0.642788
-0.427042, 0.581229, 0.692682
------
direction, v = -0.427042, 0.581229, 0.692682
m ----
0.904827, 0.273686, 0.326166
0.000000, 0.766045, -0.642788
-0.425779, 0.581612, 0.693138
------
direction, v = -0.425779, 0.581612, 0.693138
m ----
0.905421, 0.272873, 0.325198
0.000000, 0.766045, -0.642788
-0.424515, 0.581993, 0.693593
------
direction, v = -0.424515, 0.581993, 0.693593
m ----
0.906013, 0.272060, 0.324229
0.000000, 0.766045, -0.642788
-0.423251, 0.582374, 0.694046
------
direction, v = -0.423251, 0.582374, 0.694046
m ----
0.906603, 0.271247, 0.323260
0.000000, 0.766045, -0.642788
-0.421985, 0.582753, 0.694498
------
direction, v = -0.421985, 0.582753, 0.694498
m ----
0.907191, 0.270433, 0.322290
0.000000, 0.766045, -0.642788
-0.420719, 0.583131, 0.694949
------
direction, v = -0.420719, 0.583131, 0.694949
m ----
0.907777, 0.269619, 0.321319
0.000000, 0.766045, -0.642788
-0.419452, 0.583508, 0.695398
------
direction, v = -0.419452, 0.583508, 0.695398
m ----
0.908362, 0.268804, 0.320348
0.000000, 0.766045, -0.642788
-0.418184, 0.583884, 0.695846
------
direction, v = -0.418184, 0.583884, 0.695846
m ----
0.908945, 0.267988, 0.319376
0.000000, 0.766045, -0.642788
-0.416915, 0.584259, 0.696293
------
direction, v = -0.416915, 0.584259, 0.696293
m ----
0.909527, 0.267172, 0.318403
0.000000, 0.766045, -0.642788
-0.415646, 0.584632, 0.696738
------
direction, v = -0.415646, 0.584632, 0.696738
m ----
0.910106, 0.266355, 0.317430
0.000000, 0.766045, -0.642788
-0.414375, 0.585005, 0.697182
------
direction, v = -0.414375, 0.585005, 0.697182
m ----
0.910684, 0.265538, 0.316456
0.000000, 0.766045, -0.642788
-0.413104, 0.585376, 0.697624
------
direction, v = -0.413104, 0.585376, 0.697624
m ----
0.911260, 0.264721, 0.315482
0.000000, 0.766045, -0.642788
-0.411832, 0.585746, 0.698065
------
direction, v = -0.411832, 0.585746, 0.698065
m ----
0.911834, 0.263903, 0.314507
0.000000, 0.766045, -0.642788
-0.410560, 0.586115, 0.698505
------
direction, v = -0.410560, 0.586115, 0.698505
m ----
0.912406, 0.263084, 0.313531
0.000000, 0.766045, -0.642788
-0.409286, 0.586483, 0.698944
------
direction, v = -0.409286, 0.586483, 0.698944
m ----
0.912977, 0.262265, 0.312555
0.000000, 0.766045, -0.642788
-0.408012, 0.586850, 0.699381
------
direction, v = -0.408012, 0.586850, 0.699381
m ----
0.913545, 0.261445, 0.311578
0.000000, 0.766045, -0.642788
-0.406737, 0.587216, 0.699817
------
direction, v = -0.406737, 0.587216, 0.699817
m ----
0.914113, 0.260625, 0.310601
0.000000, 0.766045, -0.642788
-0.405461, 0.587580, 0.700251
------
direction, v = -0.405461, 0.587580, 0.700251
m ----
0.914678, 0.259804, 0.309623
0.000000, 0.766045, -0.642788
-0.404184, 0.587943, 0.700684
------
direction, v = -0.404184, 0.587943, 0.700684
m ----
0.915241, 0.258983, 0.308644
0.000000, 0.766045, -0.642788
-0.402906, 0.588306, 0.701116
------
direction, v = -0.402906, 0.588306, 0.701116
m ----
0.915803, 0.258162, 0.307665
0.000000, 0.766045, -0.642788
-0.401628, 0.588667, 0.701546
------
direction, v = -0.401628, 0.588667, 0.701546
m ----
0.916363, 0.257339, 0.306685
0.000000, 0.766045, -0.642788
-0.400349, 0.589027, 0.701975
------
direction, v = -0.400349, 0.589027, 0.701975
m ----
0.916921, 0.256517, 0.305705
0.000000, 0.766045, -0.642788
-0.399069, 0.589385, 0.702402
------
direction, v = -0.399069, 0.589385, 0.702402
m ----
0.917477, 0.255693, 0.304724
0.000000, 0.766045, -0.642788
-0.397788, 0.589743, 0.702828
------
direction, v = -0.397788, 0.589743, 0.702828
m ----
0.918032, 0.254870, 0.303742
0.000000, 0.766045, -0.642788
-0.396507, 0.590099, 0.703253
------
direction, v = -0.396507, 0.590099, 0.703253
m ----
0.918584, 0.254046, 0.302760
0.000000, 0.766045, -0.642788
-0.395225, 0.590455, 0.703677
------
direction, v = -0.395225, 0.590455, 0.703677
m ----
0.919135, 0.253221, 0.301777
0.000000, 0.766045, -0.642788
-0.393942, 0.590809, 0.704099
------
direction, v = -0.393942, 0.590809, 0.704099
m ----
0.919685, 0.252396, 0.300794
0.000000, 0.766045, -0.642788
-0.392658, 0.591162, 0.704519
------
direction, v = -0.392658, 0.591162, 0.704519
m ----
0.920232, 0.251570, 0.299810
0.000000, 0.766045, -0.642788
-0.391374, 0.591514, 0.704939
------
direction, v = -0.391374, 0.591514, 0.704939
m ----
0.920777, 0.250744, 0.298825
0.000000, 0.766045, -0.642788
-0.390088, 0.591864, 0.705357
------
direction, v = -0.390088, 0.591864, 0.705357
m ----
0.921321, 0.249917, 0.297840
0.000000, 0.766045, -0.642788
-0.388802, 0.592214, 0.705773
------
direction, v = -0.388802, 0.592214, 0.705773
m ----
0.921863, 0.249090, 0.296854
0.000000, 0.766045, -0.642788
-0.387515, 0.592562, 0.706188
------
direction, v = -0.387515, 0.592562, 0.706188
m ----
0.922403, 0.248262, 0.295868
0.000000, 0.766045, -0.642788
-0.386228, 0.592909, 0.706602
------
direction, v = -0.386228, 0.592909, 0.706602
m ----
0.922942, 0.247434, 0.294881
0.000000, 0.766045, -0.642788
-0.384940, 0.593255, 0.707015
------
direction, v = -0.384940, 0.593255, 0.707015
m ----
0.923478, 0.246606, 0.293893
0.000000, 0.766045, -0.642788
-0.383651, 0.593600, 0.707426
------
direction, v = -0.383651, 0.593600, 0.707426
m ----
0.924013, 0.245777, 0.292905
0.000000, 0.766045, -0.642788
-0.382361, 0.593944, 0.707835
------
direction, v = -0.382361, 0.593944, 0.707835
m ----
0.924546, 0.244947, 0.291917
0.000000, 0.766045, -0.642788
-0.381070, 0.594287, 0.708243
------
direction, v = -0.381070, 0.594287, 0.708243
m ----
0.925077, 0.244117, 0.290928
0.000000, 0.766045, -0.642788
-0.379779, 0.594628, 0.708650
------
direction, v = -0.379779, 0.594628, 0.708650
m ----
0.925607, 0.243287, 0.289938
0.000000, 0.766045, -0.642788
-0.378487, 0.594968, 0.709056
------
direction, v = -0.378487, 0.594968, 0.709056
m ----
0.926134, 0.242456, 0.288948
0.000000, 0.766045, -0.642788
-0.377194, 0.595307, 0.709460
------
direction, v = -0.377194, 0.595307, 0.709460
m ----
0.926660, 0.241624, 0.287957
0.000000, 0.766045, -0.642788
-0.375901, 0.595645, 0.709863
------
direction, v = -0.375901, 0.595645, 0.709863
m ----
0.927184, 0.240792, 0.286965
0.000000, 0.766045, -0.642788
-0.374607, 0.595982, 0.710264
------
direction, v = -0.374607, 0.595982, 0.710264
m ----
0.927706, 0.239960, 0.285973
0.000000, 0.766045, -0.642788
-0.373312, 0.596318, 0.710664
------
direction, v = -0.373312, 0.596318, 0.710664
m ----
0.928226, 0.239127, 0.284981
0.000000, 0.766045, -0.642788
-0.372016, 0.596652, 0.711063
------
direction, v = -0.372016, 0.596652, 0.711063
m ----
0.928745, 0.238294, 0.283988
0.000000, 0.766045, -0.642788
-0.370719, 0.596986, 0.711460
------
direction, v = -0.370719, 0.596986, 0.711460
m ----
0.929262, 0.237460, 0.282994
0.000000, 0.766045, -0.642788
-0.369422, 0.597318, 0.711856
------
direction, v = -0.369422, 0.597318, 0.711856
m ----
0.929777, 0.236626, 0.282000
0.000000, 0.766045, -0.642788
-0.368124, 0.597649, 0.712250
------
direction, v = -0.368124, 0.597649, 0.712250
m ----
0.930290, 0.235791, 0.281005
0.000000, 0.766045, -0.642788
-0.366826, 0.597979, 0.712643
------
direction, v = -0.366826, 0.597979, 0.712643
m ----
0.930801, 0.234956, 0.280010
0.000000, 0.766045, -0.642788
-0.365527, 0.598307, 0.713035
------
direction, v = -0.365527, 0.598307, 0.713035
m ----
0.931310, 0.234120, 0.279014
0.000000, 0.766045, -0.642788
-0.364227, 0.598635, 0.713425
------
direction, v = -0.364227, 0.598635, 0.713425
m ----
0.931818, 0.233284, 0.278017
0.000000, 0.766045, -0.642788
-0.362926, 0.598961, 0.713814
------
direction, v = -0.362926, 0.598961, 0.713814
m ----
0.932324, 0.232448, 0.277020
0.000000, 0.766045, -0.642788
-0.361624, 0.599286, 0.714202
------
direction, v = -0.361624, 0.599286, 0.714202
m ----
0.932828, 0.231611, 0.276023
0.000000, 0.766045, -0.642788
-0.360322, 0.599610, 0.714588
------
direction, v = -0.360322, 0.599610, 0.714588
m ----
0.933330, 0.230773, 0.275025
0.000000, 0.766045, -0.642788
-0.359020, 0.599933, 0.714972
------
direction, v = -0.359020, 0.599933, 0.714972
m ----
0.933830, 0.229935, 0.274026
0.000000, 0.766045, -0.642788
-0.357716, 0.600255, 0.715356
------
direction, v = -0.357716, 0.600255, 0.715356
m ----
0.934329, 0.229097, 0.273027
0.000000, 0.766045, -0.642788
-0.356412, 0.600575, 0.715738
------
direction, v = -0.356412, 0.600575, 0.715738
m ----
0.934826, 0.228258, 0.272028
0.000000, 0.766045, -0.642788
-0.355107, 0.600894, 0.716118
------
direction, v = -0.355107, 0.600894, 0.716118
m ----
0.935321, 0.227419, 0.271028
0.000000, 0.766045, -0.642788
-0.353801, 0.601212, 0.716497
------
direction, v = -0.353801, 0.601212, 0.716497
m ----
0.935814, 0.226579, 0.270027
0.000000, 0.766045, -0.642788
-0.352495, 0.601529, 0.716875
------
direction, v = -0.352495, 0.601529, 0.716875
m ----
0.936305, 0.225739, 0.269026
0.000000, 0.766045, -0.642788
-0.351188, 0.601845, 0.717251
------
direction, v = -0.351188, 0.601845, 0.717251
m ----
0.936794, 0.224899, 0.268024
0.000000, 0.766045, -0.642788
-0.349880, 0.602160, 0.717626
------
direction, v = -0.349880, 0.602160, 0.717626
m ----
0.937282, 0.224058, 0.267022
0.000000, 0.766045, -0.642788
-0.348572, 0.602473, 0.718000
------
direction, v = -0.348572, 0.602473, 0.718000
m ----
0.937768, 0.223216, 0.266019
0.000000, 0.766045, -0.642788
-0.347263, 0.602785, 0.718372
------
direction, v = -0.347263, 0.602785, 0.718372
m ----
0.938252, 0.222374, 0.265016
0.000000, 0.766045, -0.642788
-0.345953, 0.603096, 0.718743
------
direction, v = -0.345953, 0.603096, 0.718743
m ----
0.938734, 0.221532, 0.264012
0.000000, 0.766045, -0.642788
-0.344643, 0.603406, 0.719112
------
direction, v = -0.344643, 0.603406, 0.719112
m ----
0.939214, 0.220689, 0.263007
0.000000, 0.766045, -0.642788
-0.343332, 0.603715, 0.719480
------
direction, v = -0.343332, 0.603715, 0.719480
m ----
0.939693, 0.219846, 0.262003
0.000000, 0.766045, -0.642788
-0.342020, 0.604023, 0.719846
------
direction, v = -0.342020, 0.604023, 0.719846
m ----
0.940169, 0.219003, 0.260997
0.000000, 0.766045, -0.642788
-0.340708, 0.604329, 0.720212
------
direction, v = -0.340708, 0.604329, 0.720212
m ----
0.940644, 0.218159, 0.259991
0.000000, 0.766045, -0.642788
-0.339395, 0.604634, 0.720575
------
direction, v = -0.339395, 0.604634, 0.720575
m ----
0.941117, 0.217314, 0.258985
0.000000, 0.766045, -0.642788
-0.338081, 0.604938, 0.720938
------
direction, v = -0.338081, 0.604938, 0.720938
m ----
0.941588, 0.216469, 0.257978
0.000000, 0.766045, -0.642788
-0.336767, 0.605241, 0.721299
------
direction, v = -0.336767, 0.605241, 0.721299
m ----
0.942057, 0.215624, 0.256971
0.000000, 0.766045, -0.642788
-0.335451, 0.605543, 0.721658
------
direction, v = -0.335451, 0.605543, 0.721658
m ----
0.942525, 0.214778, 0.255963
0.000000, 0.766045, -0.642788
-0.334136, 0.605843, 0.722016
------
direction, v = -0.334136, 0.605843, 0.722016
m ----
0.942991, 0.213932, 0.254955
0.000000, 0.766045, -0.642788
-0.332820, 0.606143, 0.722373
------
direction, v = -0.332820, 0.606143, 0.722373
m ----
0.943454, 0.213086, 0.253946
0.000000, 0.766045, -0.642788
-0.331502, 0.606441, 0.722728
------
direction, v = -0.331502, 0.606441, 0.722728
m ----
0.943916, 0.212239, 0.252936
0.000000, 0.766045, -0.642788
-0.330185, 0.606738, 0.723082
------
direction, v = -0.330185, 0.606738, 0.723082
m ----
0.944376, 0.211391, 0.251926
0.000000, 0.766045, -0.642788
-0.328867, 0.607033, 0.723434
------
direction, v = -0.328867, 0.607033, 0.723434
m ----
0.944835, 0.210544, 0.250916
0.000000, 0.766045, -0.642788
-0.327548, 0.607328, 0.723785
------
direction, v = -0.327548, 0.607328, 0.723785
m ----
0.945291, 0.209695, 0.249905
0.000000, 0.766045, -0.642788
-0.326228, 0.607621, 0.724135
------
direction, v = -0.326228, 0.607621, 0.724135
m ----
0.945746, 0.208847, 0.248894
0.000000, 0.766045, -0.642788
-0.324908, 0.607913, 0.724483
------
direction, v = -0.324908, 0.607913, 0.724483
m ----
0.946198, 0.207998, 0.247882
0.000000, 0.766045, -0.642788
-0.323587, 0.608205, 0.724830
------
direction, v = -0.323587, 0.608205, 0.724830
m ----
0.946649, 0.207148, 0.246870
0.000000, 0.766045, -0.642788
-0.322266, 0.608494, 0.725175
------
direction, v = -0.322266, 0.608494, 0.725175
m ----
0.947098, 0.206298, 0.245857
0.000000, 0.766045, -0.642788
-0.320944, 0.608783, 0.725520
------
direction, v = -0.320944, 0.608783, 0.725520
m ----
0.947546, 0.205448, 0.244844
0.000000, 0.766045, -0.642788
-0.319621, 0.609070, 0.725862
------
direction, v = -0.319621, 0.609070, 0.725862
m ----
0.947991, 0.204598, 0.243830
0.000000, 0.766045, -0.642788
-0.318297, 0.609357, 0.726203
------
direction, v = -0.318297, 0.609357, 0.726203
m ----
0.948434, 0.203747, 0.242816
0.000000, 0.766045, -0.642788
